<?xml version="1.0"?>
<opencv_storage>
<CAMERA_MATRIX_INTRINSIC type_id="opencv-matrix">
  <rows>3</rows>
  <cols>3</cols>
  <dt>d</dt>
  <data>
    2.2644630700757280e+03 0. 1.1899265267889368e+03 0.
    2.1287567857738281e+03 4.9854903155082377e+02 0. 0. 1.</data></CAMERA_MATRIX_INTRINSIC>
<DISTORTION_COEFFECIENTS type_id="opencv-matrix">
  <rows>1</rows>
  <cols>5</cols>
  <dt>d</dt>
  <data>
    6.3142589759940707e-02 -5.2512194581845995e-01
    5.9108766402634488e-03 5.0788426086510723e-03 1.2282667434498606e+01</data></DISTORTION_COEFFECIENTS>
</opencv_storage>
